"Site","LC_Fluxnet","lon","lat","LC_MCD12Q1_2021","ENF","EBF","DNF","DBF","MF","CSH","OSH","WSA","SAV","GRA","WET","CRO","URB","CVM","SNO","BSV","WAT"
"AR-SLu","MF",-66.4598,-33.4648,"OSH",0,0,0,0,0,0.00694444444444444,24.0416666666667,0.0208333333333333,1.3125,44.9652777777778,0.159722222222222,26.8958333333333,2.44444444444444,0.0138888888888889,0,0.0416666666666667,0.0972222222222222
"AR-Vir","ENF",-56.1886,-28.2395,"EBF",0,13.3680555555556,0,0,0,0,0,0.4375,84.7013888888889,1.375,0.0277777777777778,0,0,0,0,0,0.0902777777777778
"AT-Neu","GRA",11.3175,47.1167,"GRA",13.7916666666667,0,0,0.118055555555556,15.6319444444444,0,0,19.8194444444444,5.95138888888889,37.375,0.0833333333333333,0.1875,2.42361111111111,0,0.479166666666667,4.11111111111111,0.0277777777777778
"AU-Ade","WSA",131.1178,-13.0769,"GRA",0,0,0,0,0,0,0,0,1.73611111111111,98.25,0,0.00694444444444444,0,0,0,0,0.00694444444444444
"AU-Cpr","SAV",140.5891,-34.0021,"OSH",0,0,0,0,0,6.13888888888889,15.3611111111111,0.0486111111111111,1.05555555555556,77.0555555555556,0,0.00694444444444444,0.0902777777777778,0,0,0.0208333333333333,0.222222222222222
"AU-Cum","EBF",150.7236,-33.6152,"EBF",0.201388888888889,19.8263888888889,0,0,0.00694444444444444,0,0,6.69444444444444,8.36805555555556,2.66666666666667,0.534722222222222,0,16.5694444444444,0,0,0.0277777777777778,45.1041666666667
"AU-DaP","GRA",131.3181,-14.0633,"GRA",0,0,0,0.0138888888888889,0.0416666666666667,0,5.11111111111111,0.0277777777777778,0.256944444444444,94.5486111111111,0,0,0,0,0,0,0
"AU-DaS","SAV",131.3881,-14.1593,"GRA",0,0,0,0.0138888888888889,0.0416666666666667,0,5.11111111111111,0.0277777777777778,0.256944444444444,94.5486111111111,0,0,0,0,0,0,0
"AU-Dry","SAV",132.3706,-15.2588,"GRA",0,0,0,0,0,0,0.826388888888889,0,1.19444444444444,97.9097222222222,0,0.0694444444444444,0,0,0,0,0
"AU-Emr","GRA",148.4746,-23.8587,"GRA",0,0,0,0,0,3.33333333333333,10.125,0,1.97916666666667,80.9444444444444,0.375,1.25,0.458333333333333,0,0,0.263888888888889,1.27083333333333
"AU-Fog","WET",131.3072,-12.5452,"GRA",0,0.00694444444444444,0,0,0,0,0,0,28.2361111111111,71.7222222222222,0.0208333333333333,0.0138888888888889,0,0,0,0,0
"AU-GWW","SAV",120.6541,-30.1913,"SAV",0,0,0,0,0,40.0347222222222,33.5347222222222,0.00694444444444444,26.3611111111111,0.0555555555555556,0,0,0,0,0,0.00694444444444444,0
"AU-Gin","WSA",115.7138,-31.3764,"SAV",0.0555555555555556,0,0,0,0,0.805555555555556,0.895833333333333,2.96527777777778,27.6944444444444,25.5625,0.0277777777777778,3.07638888888889,0.0972222222222222,0,0,0.0208333333333333,38.7986111111111
"AU-How","WSA",131.1523,-12.4943,"SAV",0,0.0208333333333333,0,0,0,0,0,0,31.6319444444444,21.625,7.71527777777778,0,0,0,0,0.0833333333333333,38.9236111111111
"AU-Lox","DBF",140.6551,-34.4704,"GRA",0,0,0,0,0,6.16666666666667,24.5763888888889,0.631944444444444,3.27083333333333,64.7291666666667,0,0.0694444444444444,0.0902777777777778,0,0,0.138888888888889,0.326388888888889
"AU-RDF","WSA",132.4776,-14.5636,"GRA",0,0,0,0,0,0,12.9583333333333,0,0,87.0416666666667,0,0,0,0,0,0,0
"AU-Rig","GRA",145.5759,-36.6499,"CRO",2.17361111111111,24.4722222222222,0,0.0902777777777778,4.00694444444444,0,0.138888888888889,0.701388888888889,5.25694444444444,42.5694444444444,0.125,19.125,0.0416666666666667,0,0,0.138888888888889,1.15972222222222
"AU-Rob","EBF",145.6301,-17.1175,"EBF",0.00694444444444444,50.7638888888889,0,0,0,0.00694444444444444,0,0.826388888888889,10.3263888888889,8.78472222222222,1.52083333333333,10.2430555555556,0.298611111111111,0.701388888888889,0,0,16.5208333333333
"AU-Stp","GRA",133.3502,-17.1507,"GRA",0,0,0,0,0,3.22916666666667,13.6458333333333,0,0.0208333333333333,83.1041666666667,0,0,0,0,0,0,0
"AU-Tum","EBF",148.1517,-35.6566,"ENF",45.8055555555556,9.14583333333333,0,0.298611111111111,1.54861111111111,0,0.951388888888889,6.04861111111111,6.63888888888889,28.0486111111111,0.326388888888889,1.13888888888889,0,0,0,0,0.0486111111111111
"AU-Wac","EBF",145.1878,-37.4259,"EBF",0.229166666666667,21.2569444444444,0,0.0416666666666667,3.15277777777778,0,0.0486111111111111,5.33333333333333,37.5277777777778,31.6458333333333,0,0.548611111111111,0.215277777777778,0,0,0,0
"AU-Whr","EBF",145.0294,-36.6732,"GRA",0.0625,0.5,0,0,1.125,0.0625,0.0555555555555556,4.05555555555556,7.90277777777778,56.5416666666667,0.166666666666667,29.4583333333333,0.0138888888888889,0,0,0.0138888888888889,0.0416666666666667
"AU-Ync","GRA",146.2907,-34.9893,"GRA",0,0,0,0,0,0,0,0,0,79.3819444444444,0,20.5972222222222,0,0,0,0.0208333333333333,0
"BE-Bra","MF",4.5198,51.3076,"MF",0.263888888888889,0,0,0.0486111111111111,5.65972222222222,0,0,0.527777777777778,20.6458333333333,3.17361111111111,1.1875,14.1180555555556,23.7013888888889,23.9236111111111,0,0.00694444444444444,6.74305555555556
"BE-Lon","CRO",4.7461,50.5516,"CRO",0.0208333333333333,0,0,0.0208333333333333,2.61805555555556,0,0,0.819444444444445,10.3055555555556,2.36111111111111,0.0763888888888889,60.4375,10.1180555555556,13.1944444444444,0,0,0.0277777777777778
"BE-Vie","MF",5.9981,50.305,"MF",2.27777777777778,0,0,0.118055555555556,38.9583333333333,0,0,7.45138888888889,35.1875,12.7222222222222,0,1.90972222222222,0.333333333333333,1.04166666666667,0,0,0
"BR-Sa3","EBF",-54.9714,-3.018,"EBF",0,82.0763888888889,0,0.00694444444444444,0,0,0,7.09027777777778,2.81944444444444,7.90972222222222,0,0,0.0277777777777778,0,0,0,0.0694444444444444
"CA-Man","ENF",-98.4808,55.8796,"WSA",30.5208333333333,0,0.0277777777777778,0,0.173611111111111,0,0.0208333333333333,61.6111111111111,0.0902777777777778,0.222222222222222,3.29166666666667,0,0.125,0,0,0.0833333333333333,3.83333333333333
"CA-NS1","ENF",-98.4839,55.8792,"WSA",30.5208333333333,0,0.0277777777777778,0,0.173611111111111,0,0.0208333333333333,61.6111111111111,0.0902777777777778,0.222222222222222,3.29166666666667,0,0.125,0,0,0.0833333333333333,3.83333333333333
"CA-NS2","ENF",-98.5247,55.9058,"ENF",30.5208333333333,0,0.0277777777777778,0,0.173611111111111,0,0.0208333333333333,61.6111111111111,0.0902777777777778,0.222222222222222,3.29166666666667,0,0.125,0,0,0.0833333333333333,3.83333333333333
"CA-NS3","ENF",-98.3822,55.9117,"WSA",30.5208333333333,0,0.0277777777777778,0,0.173611111111111,0,0.0208333333333333,61.6111111111111,0.0902777777777778,0.222222222222222,3.29166666666667,0,0.125,0,0,0.0833333333333333,3.83333333333333
"CA-NS4","ENF",-98.3806,55.9144,"WSA",30.5208333333333,0,0.0277777777777778,0,0.173611111111111,0,0.0208333333333333,61.6111111111111,0.0902777777777778,0.222222222222222,3.29166666666667,0,0.125,0,0,0.0833333333333333,3.83333333333333
"CA-NS5","ENF",-98.485,55.8631,"WSA",30.5208333333333,0,0.0277777777777778,0,0.173611111111111,0,0.0208333333333333,61.6111111111111,0.0902777777777778,0.222222222222222,3.29166666666667,0,0.125,0,0,0.0833333333333333,3.83333333333333
"CA-NS6","OSH",-98.9644,55.9167,"WSA",30.5208333333333,0,0.0277777777777778,0,0.173611111111111,0,0.0208333333333333,61.6111111111111,0.0902777777777778,0.222222222222222,3.29166666666667,0,0.125,0,0,0.0833333333333333,3.83333333333333
"CA-NS7","OSH",-99.9483,56.6358,"WSA",10.7708333333333,0,0,0,0.0416666666666667,0,0.4375,61.8333333333333,7.11111111111111,0.333333333333333,7.54861111111111,0,0,0,0,0.319444444444444,11.6041666666667
"CA-Qfo","ENF",-74.3421,49.6925,"WSA",4.21527777777778,0,0,0,3,0,0.472222222222222,77.4791666666667,0.944444444444444,0.256944444444444,8.04861111111111,0,0.0833333333333333,0,0,0,5.5
"CA-SF1","ENF",-105.8176,54.485,"WSA",34.2708333333333,0,0.180555555555556,0.770833333333333,8.72222222222222,0,0,50.4583333333333,0.138888888888889,0.208333333333333,1.1875,0,0,0,0,0,4.0625
"CA-SF2","ENF",-105.8775,54.2539,"ENF",34.1805555555556,0,0.173611111111111,0.333333333333333,7.54861111111111,0,0,42.1319444444444,0.0277777777777778,0.618055555555556,2.1875,0,0,0,0,0.138888888888889,12.6597222222222
"CA-SF3","OSH",-106.0053,54.0916,"ENF",43.4027777777778,0,0.125,0.361111111111111,8.22916666666667,0,0,31.5347222222222,0.194444444444444,0.270833333333333,2.75,0,0,0,0,0.0138888888888889,13.1180555555556
"CH-Cha","GRA",8.4104,47.2102,"SAV",0.395833333333333,0,0,0.3125,13.5416666666667,0,0,6.9375,30.7222222222222,18.8263888888889,1.08333333333333,3.01388888888889,13.9166666666667,6.625,0,0.0902777777777778,4.53472222222222
"CH-Dav","ENF",9.8559,46.8153,"WSA",2.92361111111111,0,0,0.0416666666666667,8.78472222222222,0,0,15.3055555555556,6.34722222222222,57.3680555555556,0.201388888888889,0,0.506944444444444,0,0.104166666666667,8.41666666666667,0
"CH-Fru","GRA",8.5378,47.1158,"GRA",0.395833333333333,0,0,0.3125,13.5416666666667,0,0,6.9375,30.7222222222222,18.8263888888889,1.08333333333333,3.01388888888889,13.9166666666667,6.625,0,0.0902777777777778,4.53472222222222
"CH-Lae","MF",8.365,47.4781,"DBF",0.395833333333333,0,0,0.3125,13.5416666666667,0,0,6.9375,30.7222222222222,18.8263888888889,1.08333333333333,3.01388888888889,13.9166666666667,6.625,0,0.0902777777777778,4.53472222222222
"CH-Oe1","GRA",7.7319,47.2858,"CRO",0.118055555555556,0,0,1.83333333333333,20.2986111111111,0,0,10.0763888888889,32.4236111111111,11.7430555555556,0,9.66666666666667,4.75694444444444,9.08333333333333,0,0,0
"CH-Oe2","CRO",7.7343,47.2863,"CRO",0.118055555555556,0,0,1.83333333333333,20.2986111111111,0,0,10.0763888888889,32.4236111111111,11.7430555555556,0,9.66666666666667,4.75694444444444,9.08333333333333,0,0,0
"CN-Cha","MF",128.0958,42.4025,"DBF",0,0,0.00694444444444444,50.4722222222222,42.8263888888889,0,0,3.86111111111111,0.0208333333333333,0.729166666666667,0,0.840277777777778,0.861111111111111,0.381944444444444,0,0,0
"CN-Cng","GRA",123.5092,44.5934,"GRA",0,0,0,0,0,0,0,0,0,42.8402777777778,0.0555555555555556,54.5902777777778,0.458333333333333,0,0,1.27083333333333,0.784722222222222
"CN-Dan","GRA",91.0664,30.4978,"GRA",0,0,0,0,0,0,0,0,0,66.7291666666667,0,0,0,0,6.06944444444444,27.2013888888889,0
"CN-Din","EBF",112.5361,23.1733,"EBF",0,37.0625,0,0,0.00694444444444444,0,0,24.8125,28.9930555555556,2.375,1.29861111111111,0.104166666666667,3.66666666666667,0.111111111111111,0,0,1.56944444444444
"CN-Du2","GRA",116.2836,42.0467,"GRA",0,0,0,0.256944444444444,0.826388888888889,0,0,1.13888888888889,0.0138888888888889,94.0694444444445,0.0277777777777778,3.45833333333333,0.201388888888889,0,0,0.00694444444444444,0
"CN-Ha2","WET",101.3269,37.6086,"GRA",0,0,0,0,0,0,0,0,0.131944444444444,85.8888888888889,0.194444444444444,4.48611111111111,0.0416666666666667,0,0.111111111111111,8.90972222222222,0.236111111111111
"CN-HaM","GRA",101.18,37.37,"GRA",0,0,0,0,0,0,0,0,0.00694444444444444,88.375,0.0277777777777778,1.89583333333333,0.152777777777778,0,0.00694444444444444,2.0625,7.47222222222222
"CN-Qia","ENF",115.0581,26.7414,"MF",0.00694444444444444,16.0694444444444,0,0,5.73611111111111,0,0,29.3263888888889,32.9375,2.53472222222222,0.4375,8.25,1.17361111111111,2.48611111111111,0,0,1.04166666666667
"CN-Sw2","GRA",111.8971,41.7902,"GRA",0,0,0,0,0,0,0,0,0,99.0069444444444,0,0.722222222222222,0.270833333333333,0,0,0,0
"CZ-wet","WET",14.7704,49.0247,"SAV",9.57638888888889,0,0,0.0833333333333333,13.3819444444444,0,0,6.97916666666667,10.1041666666667,7.44444444444444,0.715277777777778,45.3541666666667,1.90277777777778,4.35416666666667,0,0,0.104166666666667
"DE-Akm","WET",13.6834,53.8662,"URB",9.09027777777778,0,0.0625,0.916666666666667,11.2638888888889,0,0,4.09722222222222,9.59027777777778,8.66666666666667,2.02777777777778,29.3819444444444,1.70833333333333,2.28472222222222,0,0.0138888888888889,20.8958333333333
"DE-Geb","CRO",10.9143,51.1001,"CRO",0,0,0,7.625,4.61805555555556,0,0,1.48611111111111,1.11111111111111,3.01388888888889,0.201388888888889,76.8194444444444,4.05555555555556,0.986111111111111,0,0,0.0833333333333333
"DE-Gri","GRA",13.5126,50.95,"SAV",5.96527777777778,0,0,8.65972222222222,20.4791666666667,0,0,8.82638888888889,16.3888888888889,12.2152777777778,0.305555555555556,16.4097222222222,8.72222222222222,2.02083333333333,0,0.00694444444444444,0
"DE-Hai","DBF",10.453,51.0792,"DBF",0,0,0,7.625,4.61805555555556,0,0,1.48611111111111,1.11111111111111,3.01388888888889,0.201388888888889,76.8194444444444,4.05555555555556,0.986111111111111,0,0,0.0833333333333333
"DE-Kli","CRO",13.5224,50.8931,"CRO",5.96527777777778,0,0,8.65972222222222,20.4791666666667,0,0,8.82638888888889,16.3888888888889,12.2152777777778,0.305555555555556,16.4097222222222,8.72222222222222,2.02083333333333,0,0.00694444444444444,0
"DE-Lkb","ENF",13.3047,49.0996,"SAV",16.9027777777778,0,0,1.20833333333333,27.2083333333333,0,0,10.0138888888889,7.28472222222222,1.91666666666667,0.0347222222222222,23.3472222222222,1.17361111111111,10.9097222222222,0,0,0
"DE-Obe","ENF",13.7213,50.7867,"ENF",5.96527777777778,0,0,8.65972222222222,20.4791666666667,0,0,8.82638888888889,16.3888888888889,12.2152777777778,0.305555555555556,16.4097222222222,8.72222222222222,2.02083333333333,0,0.00694444444444444,0
"DE-RuR","GRA",6.3041,50.6219,"SAV",1.90277777777778,0,0,0.256944444444444,16.3333333333333,0,0,2.80555555555556,18.6597222222222,8.15972222222222,0.125,22.0486111111111,21.9444444444444,7.66666666666667,0,0,0.0972222222222222
"DE-RuS","CRO",6.4472,50.8659,"URB",0.597222222222222,0,0,0.770833333333333,18.6666666666667,0,0.0347222222222222,4.02777777777778,7.86805555555556,4.53472222222222,0.194444444444444,32.5694444444444,28.6805555555556,1.61111111111111,0,0,0.444444444444444
"DE-Seh","CRO",6.4497,50.8706,"CRO",0.597222222222222,0,0,0.770833333333333,18.6666666666667,0,0.0347222222222222,4.02777777777778,7.86805555555556,4.53472222222222,0.194444444444444,32.5694444444444,28.6805555555556,1.61111111111111,0,0,0.444444444444444
"DE-SfN","WET",11.3275,47.8064,"WSA",6.02083333333333,0,0,0.194444444444444,42.0416666666667,0,0,15.7083333333333,14.1180555555556,15.9791666666667,0.3125,0.840277777777778,2.84722222222222,0.0555555555555556,0,0,1.88194444444444
"DE-Spw","WET",14.0337,51.8923,"DBF",29.2430555555556,0,0,1.11805555555556,1.88194444444444,0.00694444444444444,0,14.1666666666667,19.5694444444444,14.5763888888889,1.40972222222222,8.97222222222222,5.45833333333333,1.70833333333333,0,0.111111111111111,1.77777777777778
"DE-Tha","ENF",13.5652,50.9624,"MF",5.96527777777778,0,0,8.65972222222222,20.4791666666667,0,0,8.82638888888889,16.3888888888889,12.2152777777778,0.305555555555556,16.4097222222222,8.72222222222222,2.02083333333333,0,0.00694444444444444,0
"DK-Fou","CRO",9.5872,56.4842,"CVM",3.77777777777778,0,0,0.00694444444444444,11.8958333333333,0,0,0.375,21.0902777777778,5.11111111111111,0.180555555555556,44.3402777777778,1.25694444444444,10.7569444444444,0,0,1.20833333333333
"GL-NuF","WET",-51.3861,64.1308,"GRA",0.00694444444444444,0,0,0,0,0,0,0,0.0347222222222222,46.3472222222222,3.79166666666667,0,0,0,0.159722222222222,17,32.6597222222222
"DK-Sor","DBF",11.6446,55.4859,"CVM",0.0555555555555556,0,0,0.0277777777777778,3.6875,0,0,0.111111111111111,3.79861111111111,3.72916666666667,2.13888888888889,56.4722222222222,1.54861111111111,2.00694444444444,0,0,26.4236111111111
"GL-ZaF","WET",-20.5545,74.4814,"GRA",0,0,0,0,0,0,0,0,0,5.08333333333333,0.0555555555555556,0,0,0,11.1111111111111,13.4027777777778,70.3472222222222
"GL-ZaH","GRA",-20.5503,74.4733,"GRA",0,0,0,0.00694444444444444,0,0,0,0,0,21.1388888888889,0.486111111111111,0,0,0,16.6180555555556,25.1805555555556,36.5694444444444
"ES-LgS","OSH",-2.9658,37.0979,"SAV",0.951388888888889,0,0,0,0,0.472222222222222,32.9513888888889,0.666666666666667,22.4305555555556,33.4444444444444,2.65972222222222,0.625,5.38194444444444,0,0,0.416666666666667,0
"ES-Ln2","OSH",-3.4758,36.9695,"SAV",0.305555555555556,0,0,0,0,0.25,1.26388888888889,0.645833333333333,29.8055555555556,15.3333333333333,0.243055555555556,1.44444444444444,4.70833333333333,0.0347222222222222,0,0.104166666666667,45.8611111111111
"FI-Hyy","ENF",24.2948,61.8474,"ENF",57.4861111111111,0,0,0,12.1666666666667,0,0,16.9930555555556,0.111111111111111,1.77083333333333,1.20833333333333,0,0.326388888888889,0,0,0,9.9375
"FI-Jok","CRO",23.5135,60.8986,"SAV",8.6875,0,0,0,3.45138888888889,0,0,30.6944444444444,17.1111111111111,39.7291666666667,0.0972222222222222,0.173611111111111,0.0486111111111111,0,0,0,0.00694444444444444
"FI-Lom","WET",24.2092,67.9972,"WSA",0.0833333333333333,0,0,0,0.291666666666667,0,0.347222222222222,68.0486111111111,29.2291666666667,0.715277777777778,0.270833333333333,0,0,0,0,0,1.01388888888889
"FI-Sod","ENF",26.6386,67.3624,"SAV",0.111111111111111,0,0,0,0.104166666666667,0,0.0763888888888889,74,24.5555555555556,0.256944444444444,0.131944444444444,0,0,0,0,0,0.763888888888889
"FR-Fon","DBF",2.7801,48.4764,"DBF",0.298611111111111,0.00694444444444444,0,2.25,12.0902777777778,0,0,4.47916666666667,1.54166666666667,3.68055555555556,0.263888888888889,71.1805555555556,2.125,2,0,0,0.0833333333333333
"FR-LBr","ENF",-0.7693,44.7171,"WSA",22.4652777777778,3.02777777777778,0,0.00694444444444444,4.65277777777778,0,0,28.6875,4.30555555555556,2.61805555555556,1.27777777777778,0.826388888888889,1.92361111111111,0,0,0.0555555555555556,30.1527777777778
"FR-Pue","EBF",3.5957,43.7413,"ENF",6.15277777777778,2.38888888888889,0,0.493055555555556,3.17361111111111,0,0,30.3819444444444,32.6180555555556,8.625,0.645833333333333,3.52083333333333,7,0.263888888888889,0,0.152777777777778,4.58333333333333
"GF-Guy","EBF",-52.9249,5.2788,"EBF",0,70.4722222222222,0,0.00694444444444444,0,0,0,7.40277777777778,0.791666666666667,1.52777777777778,2.86805555555556,0,0.166666666666667,0,0,0,16.7638888888889
"IT-BCi","CRO",14.9574,40.5238,"CRO",0.0347222222222222,0.451388888888889,0,15.8611111111111,0.3125,0,0,9.99305555555556,27.4583333333333,0.638888888888889,0.159722222222222,8.97222222222222,11.3819444444444,7.36805555555556,0,0,17.3680555555556
"IT-CA1","DBF",12.0266,42.3804,"CRO",0.00694444444444444,1.1875,0,2.20138888888889,0.736111111111111,0,0,3.61111111111111,20.8263888888889,1.86805555555556,0.256944444444444,36.0277777777778,1.25694444444444,4.33333333333333,0,0.0138888888888889,27.6736111111111
"IT-CA2","CRO",12.026,42.3772,"CRO",0.00694444444444444,1.1875,0,2.20138888888889,0.736111111111111,0,0,3.61111111111111,20.8263888888889,1.86805555555556,0.256944444444444,36.0277777777778,1.25694444444444,4.33333333333333,0,0.0138888888888889,27.6736111111111
"IT-CA3","DBF",12.0222,42.38,"CRO",0.00694444444444444,1.1875,0,2.20138888888889,0.736111111111111,0,0,3.61111111111111,20.8263888888889,1.86805555555556,0.256944444444444,36.0277777777778,1.25694444444444,4.33333333333333,0,0.0138888888888889,27.6736111111111
"IT-Col","DBF",13.5881,41.8494,"DBF",0.263888888888889,0.159722222222222,0,13.9305555555556,1.19444444444444,0,0,13.125,35.4513888888889,20.7777777777778,0.0486111111111111,4.02083333333333,0.25,10.7638888888889,0,0,0.0138888888888889
"IT-Cp2","EBF",12.3573,41.7043,"EBF",0.784722222222222,0.680555555555555,0,0.388888888888889,0.458333333333333,0,0,0.173611111111111,12.5763888888889,1.52777777777778,0.222222222222222,27.1597222222222,16.9583333333333,3.13888888888889,0,0.00694444444444444,35.9236111111111
"IT-Cpz","EBF",12.3761,41.7053,"EBF",0.784722222222222,0.680555555555555,0,0.388888888888889,0.458333333333333,0,0,0.173611111111111,12.5763888888889,1.52777777777778,0.222222222222222,27.1597222222222,16.9583333333333,3.13888888888889,0,0.00694444444444444,35.9236111111111
"IT-Isp","DBF",8.6336,45.8126,"WSA",0.215277777777778,0,0,18.7638888888889,5.15972222222222,0,0,13.1944444444444,15.2291666666667,0.944444444444444,1.17361111111111,5.35416666666667,34.2291666666667,2.34722222222222,0,0.0625,3.32638888888889
"IT-La2","ENF",11.2853,45.9542,"MF",1.52083333333333,0,0,26.0138888888889,10.75,0,0,20.4166666666667,22.2916666666667,5.20138888888889,0.1875,3.03472222222222,5.20138888888889,3.125,0,0,2.25694444444444
"IT-Lav","ENF",11.2813,45.9562,"MF",1.52083333333333,0,0,26.0138888888889,10.75,0,0,20.4166666666667,22.2916666666667,5.20138888888889,0.1875,3.03472222222222,5.20138888888889,3.125,0,0,2.25694444444444
"IT-MBo","GRA",11.0458,46.0147,"GRA",16.9861111111111,0,0,9.24305555555556,22.625,0,0,21.1944444444444,4.63888888888889,15.1041666666667,0.0833333333333333,5.68055555555556,3.22222222222222,0.777777777777778,0.0208333333333333,0.368055555555556,0.0555555555555556
"IT-Noe","CSH",8.1512,40.6062,"ENF",0.694444444444444,1.92361111111111,0,0.104166666666667,1.05555555555556,0,0,0.604166666666667,6.38888888888889,8.63194444444444,2.14583333333333,16.0416666666667,1.36805555555556,0.0208333333333333,0,0.0486111111111111,60.9722222222222
"IT-PT1","DBF",9.061,45.2009,"CRO",0,0,0,0.625,0,0,0,0.0347222222222222,2.38888888888889,0.861111111111111,0.0277777777777778,78.1875,16.2361111111111,1.58333333333333,0,0,0.0555555555555556
"IT-Ren","ENF",11.4337,46.5869,"ENF",18.4791666666667,0,0,1.45138888888889,11.3194444444444,0,0,17.8125,6.16666666666667,36.1805555555556,0.0416666666666667,1.3125,1.1875,0.0416666666666667,1.02083333333333,4.98611111111111,0
"IT-Ro1","DBF",11.93,42.4081,"WSA",0.00694444444444444,1.1875,0,2.20138888888889,0.736111111111111,0,0,3.61111111111111,20.8263888888889,1.86805555555556,0.256944444444444,36.0277777777778,1.25694444444444,4.33333333333333,0,0.0138888888888889,27.6736111111111
"IT-Ro2","DBF",11.9209,42.3903,"SAV",0.00694444444444444,1.1875,0,2.20138888888889,0.736111111111111,0,0,3.61111111111111,20.8263888888889,1.86805555555556,0.256944444444444,36.0277777777778,1.25694444444444,4.33333333333333,0,0.0138888888888889,27.6736111111111
"IT-SR2","ENF",10.291,43.732,"EBF",1.24305555555556,1.25694444444444,0,1.38194444444444,2.15972222222222,0,0,2.43055555555556,4.70138888888889,0.430555555555556,0.513888888888889,1.02083333333333,2.56944444444444,0.493055555555556,0,0.0208333333333333,81.7777777777778
"IT-SRo","ENF",10.2844,43.7279,"ENF",1.24305555555556,1.25694444444444,0,1.38194444444444,2.15972222222222,0,0,2.43055555555556,4.70138888888889,0.430555555555556,0.513888888888889,1.02083333333333,2.56944444444444,0.493055555555556,0,0.0208333333333333,81.7777777777778
"IT-Tor","GRA",7.5781,45.8444,"GRA",4.86805555555556,0,0,3.92361111111111,3.44444444444444,0,0,12.9513888888889,6.26388888888889,46.8402777777778,0.0625,0.111111111111111,1.01388888888889,0,4.56944444444444,15.9513888888889,0
"JP-MBF","DBF",142.3186,44.3869,"WSA",0.340277777777778,0,0.0555555555555556,38,17.8888888888889,0.145833333333333,0,13.9027777777778,0.8125,8.50694444444444,0.125,0.625,0.805555555555556,0.0486111111111111,0,0,18.7430555555556
"JP-SMF","MF",137.0788,35.2617,"ENF",7.0625,0.0208333333333333,0,2.77777777777778,17.0694444444444,0,0,6.42361111111111,7.75,0.541666666666667,0.340277777777778,3.42361111111111,49.6527777777778,3.41666666666667,0,0.00694444444444444,1.51388888888889
"NL-Hor","GRA",5.0713,52.2404,"GRA",0.5,0,0,0.131944444444444,10.5347222222222,0,0,0.75,29.3541666666667,14.1805555555556,1.65972222222222,11.7847222222222,16.8333333333333,2.90972222222222,0,0.00694444444444444,11.3541666666667
"SJ-Adv","WET",15.923,78.186,"GRA",0,0,0,0,0,0,0,0,0,24.3402777777778,0.736111111111111,0,0.805555555555556,0,6.59722222222222,33.9513888888889,33.5694444444444
"SJ-Blv","SNO",11.8311,78.9216,"GRA",0,0,0,0,0,0,0,0,0,3.67361111111111,0.840277777777778,0,0.131944444444444,0,18.1527777777778,20.3055555555556,56.8958333333333
"RU-Che","WET",161.3414,68.613,"OSH",0.0347222222222222,0,0.1875,0,0,0,75.8402777777778,0.583333333333333,4.48611111111111,3.42361111111111,9.93055555555556,0,0,0,0.0694444444444444,0,5.44444444444444
"RU-Cok","OSH",147.4943,70.8291,"OSH",0,0,0,0,0,0,77.0416666666667,0,0,5.15972222222222,6.00694444444444,0,0,0,0,0.0486111111111111,11.7430555555556
"RU-Fyo","ENF",32.9221,56.4615,"MF",0.222222222222222,0,0,5.55555555555556,81.7013888888889,0,0,6.65972222222222,2.92361111111111,1.98611111111111,0.6875,0.0138888888888889,0.194444444444444,0.0555555555555556,0,0,0
"RU-Ha1","GRA",90.0022,54.7252,"GRA",0.0694444444444444,0,0.208333333333333,9.54166666666667,13.2430555555556,0,0,8.15972222222222,3.89583333333333,58.4027777777778,0.229166666666667,5.46527777777778,0,0,0,0.0694444444444444,0.715277777777778
"SD-Dem","SAV",30.4783,13.2829,"GRA",0,0,0,0,0,0,0,0,0,99.3680555555556,0,0,0.319444444444444,0.0625,0,0.25,0
"SN-Dhr","SAV",-15.4322,15.4028,"GRA",0,0,0,0,0,0,0,0,0,99.9166666666667,0,0,0.0833333333333333,0,0,0,0
"US-AR1","GRA",-99.42,36.4267,"GRA",0,0,0,0,0,0,0,0,0.0138888888888889,95.0763888888889,0.402777777777778,3.47222222222222,0.381944444444444,0,0,0.0416666666666667,0.611111111111111
"US-AR2","GRA",-99.5975,36.6358,"GRA",0,0,0,0,0,0,0,0,0,99.6041666666667,0.0208333333333333,0.236111111111111,0.0972222222222222,0,0,0.0277777777777778,0.0138888888888889
"US-ARM","CRO",-97.4888,36.6058,"CRO",0,0,0,0,0,0,0,0,0,24.0416666666667,0,75.7708333333333,0.1875,0,0,0,0
"US-ARb","GRA",-98.0402,35.5497,"CRO",0,0,0,0,0,0,0,0,0.0208333333333333,45.6805555555556,0.0208333333333333,53.6111111111111,0.631944444444444,0,0,0.00694444444444444,0.0277777777777778
"US-ARc","GRA",-98.04,35.5465,"CRO",0,0,0,0,0,0,0,0,0.0208333333333333,45.6805555555556,0.0208333333333333,53.6111111111111,0.631944444444444,0,0,0.00694444444444444,0.0277777777777778
"US-Blo","ENF",-120.6328,38.8953,"WSA",19,0.229166666666667,0,0,0.0208333333333333,0,0.0277777777777778,27.1180555555556,36.9513888888889,15.7291666666667,0.166666666666667,0,0,0,0,0.659722222222222,0.0972222222222222
"US-Cop","GRA",-109.39,38.09,"GRA",0,0,0,0,0,0,54.9097222222222,0,0,44.875,0,0,0,0,0,0.215277777777778,0
"US-GBT","ENF",-106.2397,41.3658,"GRA",0.916666666666667,0,0,0,0,0,0.0138888888888889,18.9722222222222,0.319444444444444,78.6041666666667,0.0555555555555556,0.763888888888889,0,0,0,0.284722222222222,0.0694444444444444
"US-GLE","ENF",-106.2399,41.3665,"GRA",0.916666666666667,0,0,0,0,0,0.0138888888888889,18.9722222222222,0.319444444444444,78.6041666666667,0.0555555555555556,0.763888888888889,0,0,0,0.284722222222222,0.0694444444444444
"US-Ha1","DBF",-72.1715,42.5378,"DBF",0.0208333333333333,0,0.0694444444444444,58.3055555555556,30.9444444444444,0,0,6.31944444444444,0.0625,0.868055555555556,0.0138888888888889,0.173611111111111,3,0.0138888888888889,0,0,0.208333333333333
"US-KS2","CSH",-80.6715,28.6086,"SAV",0.0416666666666667,8.27777777777778,0,0.118055555555556,0.0625,0,0,13.4166666666667,8.53472222222222,0.319444444444444,5.80555555555556,0.00694444444444444,2.27777777777778,0,0,0,61.1388888888889
"US-Los","WET",-89.9792,46.0827,"WSA",0,0,0,44.7222222222222,34.5555555555556,0,0,19.2847222222222,0.00694444444444444,0.263888888888889,0.145833333333333,0.0347222222222222,0.291666666666667,0,0,0,0.694444444444444
"US-MMS","DBF",-86.4131,39.3232,"DBF",0.0138888888888889,0,0.0416666666666667,45.5625,0.0486111111111111,0,0,11.8402777777778,2.59722222222222,1.23611111111111,0.0694444444444444,30.3541666666667,1.68055555555556,6.52777777777778,0,0,0.0277777777777778
"US-Me1","ENF",-121.5,44.5794,"WSA",68.3611111111111,0.104166666666667,0,0.555555555555556,3.03472222222222,0,0,8.31944444444444,2.04166666666667,12.5208333333333,0.173611111111111,2.89583333333333,0.409722222222222,0.895833333333333,0.0486111111111111,0.527777777777778,0.111111111111111
"US-Me2","ENF",-121.5574,44.4523,"ENF",8.33333333333333,0,0,0,0,0,0,6.98611111111111,4.28472222222222,75.9236111111111,0.486111111111111,2.71527777777778,0.833333333333333,0,0,0.4375,0
"US-Me6","ENF",-121.6078,44.3233,"WSA",8.33333333333333,0,0,0,0,0,0,6.98611111111111,4.28472222222222,75.9236111111111,0.486111111111111,2.71527777777778,0.833333333333333,0,0,0.4375,0
"US-Myb","WET",-121.7651,38.0498,"GRA",2.875,0.0694444444444444,0,0.0416666666666667,0.00694444444444444,1.56944444444444,0.0486111111111111,6.45138888888889,13.2222222222222,33.4513888888889,2.86805555555556,27.0555555555556,7.68055555555556,0.263888888888889,0,0.0486111111111111,4.34722222222222
"US-NR1","ENF",-105.5464,40.0329,"ENF",1.98611111111111,0,0,0,0,0,0,38.1180555555556,5.30555555555556,50.1527777777778,0.340277777777778,0.465277777777778,1.95138888888889,0.00694444444444444,0,1.17361111111111,0.5
"US-Ne1","CRO",-96.4766,41.1651,"CRO",0,0,0,0.0277777777777778,0,0,0,0.0347222222222222,0.0277777777777778,1.05555555555556,0.256944444444444,97.8541666666667,0.625,0.118055555555556,0,0,0
"US-Ne2","CRO",-96.4701,41.1649,"CRO",0,0,0,0.0277777777777778,0,0,0,0.0347222222222222,0.0277777777777778,1.05555555555556,0.256944444444444,97.8541666666667,0.625,0.118055555555556,0,0,0
"US-Ne3","CRO",-96.4397,41.1797,"CRO",0,0,0,0.0277777777777778,0,0,0,0.0347222222222222,0.0277777777777778,1.05555555555556,0.256944444444444,97.8541666666667,0.625,0.118055555555556,0,0,0
"US-ORv","WET",-83.0183,40.0201,"URB",0,0,0,0.666666666666667,0,0,0,0.263888888888889,1.65277777777778,0.625,0.291666666666667,85.8472222222222,8.29166666666667,2.17361111111111,0,0,0.1875
"US-PFa","MF",-90.2723,45.9459,"WSA",0,0,0,36.9652777777778,25.6388888888889,0,0,36.1041666666667,0,0.215277777777778,0.152777777777778,0.0277777777777778,0.409722222222222,0,0,0,0.486111111111111
"US-SRG","GRA",-110.8277,31.7894,"GRA",0.666666666666667,0,0,0,0,0,54.0972222222222,0.6875,1.8125,40.0555555555556,0,0.0833333333333333,1.23611111111111,0,0,1.36111111111111,0
"US-SRM","WSA",-110.8661,31.8214,"GRA",0.666666666666667,0,0,0,0,0,54.0972222222222,0.6875,1.8125,40.0555555555556,0,0.0833333333333333,1.23611111111111,0,0,1.36111111111111,0
"US-Syv","MF",-89.3477,46.242,"MF",0.0347222222222222,0,0,60.8333333333333,30.7708333333333,0,0,6.85416666666667,0.0208333333333333,0.173611111111111,0.0833333333333333,0,0.0486111111111111,0,0,0,1.18055555555556
"US-Ton","WSA",-120.966,38.4316,"SAV",14.0347222222222,0.145833333333333,0,0,0.0347222222222222,0.0833333333333333,0.465277777777778,34.0694444444444,16.5833333333333,31.5694444444444,0.611111111111111,1.20138888888889,0.951388888888889,0,0,0.0833333333333333,0.166666666666667
"US-Tw1","WET",-121.6469,38.1074,"GRA",2.875,0.0694444444444444,0,0.0416666666666667,0.00694444444444444,1.56944444444444,0.0486111111111111,6.45138888888889,13.2222222222222,33.4513888888889,2.86805555555556,27.0555555555556,7.68055555555556,0.263888888888889,0,0.0486111111111111,4.34722222222222
"US-Tw2","CRO",-121.6433,38.1047,"GRA",2.875,0.0694444444444444,0,0.0416666666666667,0.00694444444444444,1.56944444444444,0.0486111111111111,6.45138888888889,13.2222222222222,33.4513888888889,2.86805555555556,27.0555555555556,7.68055555555556,0.263888888888889,0,0.0486111111111111,4.34722222222222
"US-Tw3","CRO",-121.6467,38.1159,"CRO",2.875,0.0694444444444444,0,0.0416666666666667,0.00694444444444444,1.56944444444444,0.0486111111111111,6.45138888888889,13.2222222222222,33.4513888888889,2.86805555555556,27.0555555555556,7.68055555555556,0.263888888888889,0,0.0486111111111111,4.34722222222222
"US-Tw4","WET",-121.6414,38.103,"GRA",2.875,0.0694444444444444,0,0.0416666666666667,0.00694444444444444,1.56944444444444,0.0486111111111111,6.45138888888889,13.2222222222222,33.4513888888889,2.86805555555556,27.0555555555556,7.68055555555556,0.263888888888889,0,0.0486111111111111,4.34722222222222
"US-Twt","CRO",-121.653,38.1087,"CRO",2.875,0.0694444444444444,0,0.0416666666666667,0.00694444444444444,1.56944444444444,0.0486111111111111,6.45138888888889,13.2222222222222,33.4513888888889,2.86805555555556,27.0555555555556,7.68055555555556,0.263888888888889,0,0.0486111111111111,4.34722222222222
"US-UMB","DBF",-84.7138,45.5598,"DBF",0.840277777777778,0,0.0347222222222222,14.25,3.24305555555556,0,0,18.3888888888889,1.39583333333333,3.28472222222222,2.125,0.0833333333333333,0.486111111111111,0.0416666666666667,0,0.0972222222222222,55.7291666666667
"US-UMd","DBF",-84.6975,45.5625,"DBF",0.840277777777778,0,0.0347222222222222,14.25,3.24305555555556,0,0,18.3888888888889,1.39583333333333,3.28472222222222,2.125,0.0833333333333333,0.486111111111111,0.0416666666666667,0,0.0972222222222222,55.7291666666667
"US-Var","GRA",-120.9507,38.4133,"GRA",14.0347222222222,0.145833333333333,0,0,0.0347222222222222,0.0833333333333333,0.465277777777778,34.0694444444444,16.5833333333333,31.5694444444444,0.611111111111111,1.20138888888889,0.951388888888889,0,0,0.0833333333333333,0.166666666666667
"US-WCr","DBF",-90.0799,45.8059,"DBF",0,0,0,36.9652777777778,25.6388888888889,0,0,36.1041666666667,0,0.215277777777778,0.152777777777778,0.0277777777777778,0.409722222222222,0,0,0,0.486111111111111
"US-Whs","OSH",-110.0522,31.7438,"GRA",0.0138888888888889,0,0,0,0,0,60.0694444444444,0.0486111111111111,0.0138888888888889,39.0069444444444,0,0.0138888888888889,0.833333333333333,0,0,0,0
"US-Wi0","ENF",-91.0814,46.6188,"MF",0,0,0,24.3472222222222,5.59722222222222,0,0,33.3611111111111,0.4375,1.20833333333333,0.861111111111111,0.361111111111111,0.277777777777778,1.13888888888889,0,0,32.4097222222222
"US-Wi3","DBF",-91.0987,46.6347,"DBF",0,0,0,24.3472222222222,5.59722222222222,0,0,33.3611111111111,0.4375,1.20833333333333,0.861111111111111,0.361111111111111,0.277777777777778,1.13888888888889,0,0,32.4097222222222
"US-Wi4","ENF",-91.1663,46.7393,"MF",0.0138888888888889,0,0,34.6458333333333,5.26388888888889,0,0,10.0555555555556,0.00694444444444444,0.201388888888889,2.54861111111111,0,0.159722222222222,0.0277777777777778,0,0.111111111111111,46.9652777777778
"US-Wi6","OSH",-91.2982,46.6249,"WSA",0,0,0,24.3472222222222,5.59722222222222,0,0,33.3611111111111,0.4375,1.20833333333333,0.861111111111111,0.361111111111111,0.277777777777778,1.13888888888889,0,0,32.4097222222222
"US-Wi9","ENF",-91.0814,46.6188,"MF",0,0,0,24.3472222222222,5.59722222222222,0,0,33.3611111111111,0.4375,1.20833333333333,0.861111111111111,0.361111111111111,0.277777777777778,1.13888888888889,0,0,32.4097222222222
"US-Wkg","GRA",-109.9419,31.7365,"GRA",0.0138888888888889,0,0,0,0,0,60.0694444444444,0.0486111111111111,0.0138888888888889,39.0069444444444,0,0.0138888888888889,0.833333333333333,0,0,0,0
"ZM-Mon","DBF",23.2528,-15.4378,"GRA",0,0,0,0,0,0.25,0,0,1.29166666666667,96.875,1.04166666666667,0.0486111111111111,0.493055555555556,0,0,0,0
"AU-ASM","ENF",133.249,-22.283,"OSH",0,0,0,0,0,10.7777777777778,85.2916666666667,0,0,3.93055555555556,0,0,0,0,0,0,0
"AU-TTE","OSH",133.64,-22.287,"OSH",0,0,0,0,0,11.3055555555556,88.5625,0,0,0.131944444444444,0,0,0,0,0,0,0
"AU-Wom","EBF",144.0944,-37.4222,"EBF",0.472222222222222,10.9652777777778,0,0.0347222222222222,0.6875,0,0.520833333333333,3.13888888888889,7.83333333333333,55.6666666666667,0.0486111111111111,20.6041666666667,0,0,0,0,0.0277777777777778
"BR-Sa1","EBF",-54.9589,-2.8567,"EBF",0,32.6805555555556,0,0.0763888888888889,0,0.00694444444444444,0,20.9722222222222,16.8541666666667,19.4791666666667,1.07638888888889,0.0625,0,0,0,0,8.79166666666667
"CA-Gro","MF",-82.1556,48.2167,"MF",9.46527777777778,0,0.0486111111111111,4.61805555555556,74.6180555555556,0,0,8.54861111111111,0.0625,2.06944444444444,0.0833333333333333,0,0.0416666666666667,0,0,0,0.444444444444444
"CA-Oas","DBF",-106.1978,53.6289,"DBF",27.3333333333333,0,0.618055555555556,1.57638888888889,28.9722222222222,0,0,22.8263888888889,0.569444444444444,3.52777777777778,1.45138888888889,9.89583333333333,0,0.416666666666667,0,0,2.8125
"CA-Obs","ENF",-105.1178,53.9872,"ENF",13.8333333333333,0,0.1875,0.444444444444444,13.4375,0,0,54.1597222222222,0.0763888888888889,3.77777777777778,0.465277777777778,10.3958333333333,0,0.305555555555556,0,0.0208333333333333,2.89583333333333
"CA-TP1","ENF",-80.5595,42.6609,"CRO",0,0,0.0277777777777778,1.40972222222222,0.319444444444444,0,0,0.916666666666667,0.888888888888889,1.09722222222222,2.75,64.2013888888889,3.375,1.76388888888889,0,0.0416666666666667,23.2083333333333
"CA-TP2","ENF",-80.4588,42.7744,"GRA",0,0,0.0277777777777778,1.40972222222222,0.319444444444444,0,0,0.916666666666667,0.888888888888889,1.09722222222222,2.75,64.2013888888889,3.375,1.76388888888889,0,0.0416666666666667,23.2083333333333
"CA-TP3","ENF",-80.3483,42.7068,"MF",0,0,0.0277777777777778,1.40972222222222,0.319444444444444,0,0,0.916666666666667,0.888888888888889,1.09722222222222,2.75,64.2013888888889,3.375,1.76388888888889,0,0.0416666666666667,23.2083333333333
"CA-TP4","ENF",-80.3574,42.7102,"MF",0,0,0.0277777777777778,1.40972222222222,0.319444444444444,0,0,0.916666666666667,0.888888888888889,1.09722222222222,2.75,64.2013888888889,3.375,1.76388888888889,0,0.0416666666666667,23.2083333333333
"CA-TPD","DBF",-80.5577,42.6353,"DBF",0,0,0.0277777777777778,1.40972222222222,0.319444444444444,0,0,0.916666666666667,0.888888888888889,1.09722222222222,2.75,64.2013888888889,3.375,1.76388888888889,0,0.0416666666666667,23.2083333333333
"CG-Tch","SAV",11.6564,-4.2892,"SAV",0,43.3958333333333,0,0,0,0.00694444444444444,0,38.7291666666667,6.02083333333333,2.5,0.756944444444444,0.00694444444444444,0.548611111111111,0.0208333333333333,0,0,8.01388888888889
"CN-Du3","GRA",116.2809,42.0551,"GRA",0,0,0,0.256944444444444,0.826388888888889,0,0,1.13888888888889,0.0138888888888889,94.0694444444445,0.0277777777777778,3.45833333333333,0.201388888888889,0,0,0.00694444444444444,0
"CZ-BK1","ENF",18.5369,49.5021,"ENF",1.67361111111111,0,0.0208333333333333,12.1944444444444,23.1180555555556,0,0,6.99305555555556,17.625,4.71527777777778,0.694444444444444,19.0138888888889,7.84027777777778,5.375,0,0,0.736111111111111
"CZ-BK2","GRA",18.5429,49.4944,"MF",3.3125,0,0,20.5833333333333,38.8055555555556,0,0,12.6736111111111,5.80555555555556,9.77083333333333,0.229166666666667,4.34722222222222,4.45833333333333,0.00694444444444444,0,0,0.00694444444444444
"DE-Lnf","DBF",10.3678,51.3282,"DBF",0.131944444444444,0,0,8.8125,23.2083333333333,0,0,6.45833333333333,13.5138888888889,12.3888888888889,0.0277777777777778,30.9652777777778,2.82638888888889,1.66666666666667,0,0,0
"DE-Zrk","WET",12.889,53.8759,"GRA",0.444444444444444,0,0,0.645833333333333,5.43055555555556,0,0,0.951388888888889,2.92361111111111,4.44444444444444,0.465277777777778,75.4027777777778,1.89583333333333,5.84027777777778,0,0,1.55555555555556
"DK-Eng","GRA",12.1918,55.6905,"CRO",0.159722222222222,0,0,0.125,5.54166666666667,0,0,0.333333333333333,8.26388888888889,7.15277777777778,3,46.3888888888889,6.23611111111111,2.82638888888889,0,0.00694444444444444,19.9652777777778
"ES-Amo","OSH",-2.2523,36.8336,"GRA",0,0,0,0,0,0,13.1319444444444,0.0694444444444444,0.145833333333333,19.7430555555556,0.215277777777778,0.0138888888888889,1.61111111111111,0,0,0.618055555555556,64.4513888888889
"ES-LJu","OSH",-2.7521,36.9266,"OSH",0.0208333333333333,0,0,0,0,0.763888888888889,14.0347222222222,0.541666666666667,8.50694444444444,19.3680555555556,0.0972222222222222,0.00694444444444444,4.47222222222222,0,0,5.125,47.0625
"FI-Let","ENF",23.9595,60.6418,"ENF",41.6180555555556,0,0,0,12.4236111111111,0,0,31.0486111111111,3.22916666666667,8.20138888888889,0.465277777777778,0.0208333333333333,0.347222222222222,0,0,0,2.64583333333333
"FR-Gri","CRO",1.9519,48.8442,"CRO",0.00694444444444444,0,0,9.65277777777778,2.68055555555556,0,0,4.63194444444444,7.84027777777778,5.86805555555556,0.194444444444444,47.2222222222222,19.5486111111111,2.29861111111111,0,0,0.0555555555555556
"GH-Ank","EBF",-2.6942,5.2685,"EBF",0,20.9791666666667,0,0,0,0,0,17.3958333333333,45.9236111111111,0.0277777777777778,0.847222222222222,0,0.527777777777778,6.93055555555556,0,0,7.36805555555556
"MY-PSO","EBF",102.3062,2.973,"EBF",0,28.3611111111111,0,0,0,0,0,65.4583333333333,3.56944444444444,1.31944444444444,0,0.1875,0.5,0.604166666666667,0,0,0
"NL-Loo","ENF",5.7436,52.1666,"ENF",3.875,0,0,0,17.375,0,0,2.40972222222222,47.6319444444444,13.0486111111111,0.0486111111111111,1.45833333333333,5.49305555555556,8.27083333333333,0,0,0.388888888888889
"PA-SPn","DBF",-79.6346,9.3181,"SAV",0,33.7291666666667,0,0,0,0,0,18.4236111111111,13.3888888888889,1.375,1.625,0.0138888888888889,2.8125,0,0,0.0208333333333333,28.6111111111111
"PA-SPs","GRA",-79.6314,9.3138,"SAV",0,33.7291666666667,0,0,0,0,0,18.4236111111111,13.3888888888889,1.375,1.625,0.0138888888888889,2.8125,0,0,0.0208333333333333,28.6111111111111
"US-Atq","WET",-157.4089,70.4696,"GRA",0,0,0,0,0,0,26.1388888888889,0,0,45.2222222222222,11.3402777777778,0,0,0,0,0.0347222222222222,17.2638888888889
"US-CRT","CRO",-83.3471,41.6285,"CRO",0,0,0,0.375,0,0,0,0.784722222222222,0.951388888888889,1.97916666666667,3.76388888888889,51.7847222222222,11.2986111111111,2.84722222222222,0,0.0277777777777778,26.1875
